%YAML:1.0
vocabulary: !!opencv-matrix
   rows: 10
   cols: 32
   dt: f
   data: [ 1.03254234e+02, 7.84745789e+01, 1.09118645e+02,
       1.44050842e+02, 7.05932236e+01, 1.85372879e+02, 1.03745766e+02,
       5.57457619e+01, 1.56644073e+02, 8.92203369e+01, 1.57067795e+02,
       5.00169487e+01, 1.62627121e+02, 1.15084747e+02, 6.98305054e+01,
       1.60983047e+02, 1.34762711e+02, 1.13542374e+02, 1.40389832e+02,
       5.74406776e+01, 6.43389816e+01, 1.39067795e+02, 1.31474579e+02,
       9.08644104e+01, 1.54067795e+02, 2.19406784e+02, 7.01186447e+01,
       6.40338974e+01, 1.34966095e+02, 9.54067764e+01, 1.01779663e+02,
       7.50338974e+01, 1.02964912e+02, 1.63912277e+02, 1.58789474e+02,
       1.34456146e+02, 2.05385971e+02, 1.55491226e+02, 1.66105270e+02,
       1.81263153e+02, 1.36789474e+02, 1.50964920e+02, 1.37403503e+02,
       1.54526321e+02, 8.56140366e+01, 1.81315796e+02, 1.83561401e+02,
       1.41526321e+02, 1.52894745e+02, 1.55105270e+02, 1.74877197e+02,
       1.40473679e+02, 1.67333328e+02, 1.15157898e+02, 1.35070175e+02,
       2.04561401e+02, 7.92982483e+01, 8.43157883e+01, 1.44719299e+02,
       1.96491226e+02, 1.57333328e+02, 1.48473679e+02, 1.71982452e+02,
       1.81017548e+02, 8.30163879e+01, 1.39213104e+02, 1.46081955e+02,
       9.65081940e+01, 1.63163925e+02, 1.43311462e+02, 1.32360641e+02,
       1.47163925e+02, 1.15344254e+02, 1.36573761e+02, 1.31311462e+02,
       5.76393394e+01, 9.43442535e+01, 1.47475403e+02, 1.20852455e+02,
       1.15393433e+02, 1.00737701e+02, 1.44721298e+02, 9.54098282e+01,
       68., 7.80491791e+01, 1.30672119e+02, 1.66442612e+02,
       6.51803207e+01, 1.01213112e+02, 1.76803268e+02, 5.08196678e+01,
       8.67049103e+01, 1.71934418e+02, 1.54229492e+02, 1.35360641e+02,
       1.65295074e+02, 1.09898308e+02, 1.22762711e+02, 1.66271179e+02,
       8.21694946e+01, 1.49864410e+02, 7.88644104e+01, 1.75813553e+02,
       1.26525421e+02, 1.12813560e+02, 1.95322037e+02, 1.37847458e+02,
       1.54152542e+02, 1.36576279e+02, 8.30169525e+01, 1.71898300e+02,
       1.43186447e+02, 9.86440659e+01, 1.40864410e+02, 1.12389832e+02,
       1.44983047e+02, 1.63779663e+02, 1.77152542e+02, 1.68542374e+02,
       1.21491524e+02, 7.31525421e+01, 7.96949158e+01, 1.44830505e+02,
       1.25457626e+02, 1.47152542e+02, 1.71389832e+02, 1.26644066e+02,
       1.88186447e+02, 1.26615387e+02, 7.79807739e+01, 1.24403854e+02,
       1.72730774e+02, 6.89615402e+01, 5.61923103e+01, 1.14076927e+02,
       1.04923080e+02, 9.92307739e+01, 1.48519241e+02, 1.75134628e+02,
       1.58500000e+02, 1.43326935e+02, 8.67884674e+01, 1.40307693e+02,
       1.32653854e+02, 9.75384674e+01, 1.98192322e+02, 1.11019234e+02,
       194., 1.54980774e+02, 1.52673080e+02, 1.03903847e+02,
       1.40096161e+02, 1.80192322e+02, 2.04153854e+02, 1.59538467e+02,
       1.12038467e+02, 7.39423141e+01, 1.83057693e+02, 8.83269272e+01,
       7.52884674e+01, 8.16399994e+01, 1.71239990e+02, 6.15000000e+01,
       1.29539993e+02, 1.33059998e+02, 1.79679993e+02, 8.18199997e+01,
       1.52160004e+02, 1.57199997e+02, 6.65000000e+01, 1.43119995e+02,
       7.13600006e+01, 1.49819992e+02, 1.62139999e+02, 7.20599976e+01,
       7.48199997e+01, 1.60199997e+02, 1.02680000e+02, 1.20079994e+02,
       7.14399948e+01, 9.17399979e+01, 9.42399979e+01, 9.40999985e+01,
       75., 1.96459991e+02, 1.66919998e+02, 6.32799988e+01,
       1.28099991e+02, 1.04199997e+02, 4.02399979e+01, 1.19119995e+02,
       1.33819992e+02, 1.54673920e+02, 1.52326096e+02, 1.14586960e+02,
       1.22978264e+02, 1.09934784e+02, 6.88913040e+01, 8.43478241e+01,
       1.57260880e+02, 1.15608696e+02, 1.47913040e+02, 1.64021744e+02,
       4.97391319e+01, 1.32608704e+02, 1.31152176e+02, 7.01739120e+01,
       1.17652176e+02, 1.10173912e+02, 1.81065216e+02, 1.24565216e+02,
       1.18043480e+02, 9.60652161e+01, 1.20847832e+02, 1.58695648e+02,
       6.60652161e+01, 2.09152176e+02, 2.06369568e+02, 1.04413048e+02,
       6.19782639e+01, 1.29847824e+02, 1.54804352e+02, 1.15608696e+02,
       5.79347839e+01, 9.31029434e+01, 1.57720596e+02, 1.07941177e+02,
       1.54691177e+02, 1.59102936e+02, 2.06176468e+02, 1.64602936e+02,
       1.55264709e+02, 1.63176468e+02, 7.26029434e+01, 1.58867645e+02,
       8.48529434e+01, 1.37529419e+02, 1.93926468e+02, 9.51911774e+01,
       1.11676468e+02, 199., 1.14779411e+02, 1.67367645e+02,
       1.02955879e+02, 9.07352982e+01, 1.20573532e+02, 1.18955879e+02,
       2.12176468e+02, 1.08102943e+02, 1.00544121e+02, 1.05838234e+02,
       1.43632355e+02, 1.28044113e+02, 5.40294113e+01, 1.49323532e+02,
       1.70823532e+02, 1.48918030e+02, 1.22311470e+02, 1.83540970e+02,
       2.03852448e+02, 1.51065567e+02, 1.02344254e+02, 1.72213104e+02,
       1.30803268e+02, 1.28426224e+02, 1.90245895e+02, 1.62819656e+02,
       1.36114746e+02, 1.65311462e+02, 1.50885239e+02, 1.59311462e+02,
       1.22754089e+02, 1.86885239e+02, 1.79999985e+02, 1.82475403e+02,
       1.53049179e+02, 1.68786880e+02, 1.19754089e+02, 1.89999985e+02,
       1.90311462e+02, 1.90344254e+02, 1.92852448e+02, 1.77557373e+02,
       1.71704910e+02, 1.25950813e+02, 1.68639328e+02, 1.23065567e+02,
       1.45836060e+02, 6.36829262e+01, 1.64512192e+02, 1.17536583e+02,
       1.80658524e+02, 1.36024384e+02, 1.22731705e+02, 150.,
       1.60560974e+02, 9.14146271e+01, 78., 1.13878044e+02,
       1.87658524e+02, 1.47926819e+02, 1.05268288e+02, 1.64390244e+02,
       1.14390236e+02, 1.02975609e+02, 1.36878036e+02, 6.14634132e+01,
       1.45804871e+02, 1.79170731e+02, 1.70609756e+02, 6.42195129e+01,
       1.47292679e+02, 1.81853653e+02, 1.81317062e+02, 1.15780487e+02,
       1.43560974e+02, 1.06317070e+02, 1.62853653e+02, 1.42048782e+02,
       1.53048782e+02 ]
