%YAML:1.0
vocabulary: !!opencv-matrix
   rows: 10
   cols: 128
   dt: f
   data: [ 5.00000048e+00, 4.13333368e+00, 2.00000018e-01, 0., 0.,
       6.66666701e-02, 3.60000014e+00, 3.93333364e+00, 2.60666676e+01,
       7.38000031e+01, 3.26000023e+01, 5.33333361e-01, 0.,
       8.66666734e-01, 7.53333378e+00, 1.01333342e+01, 3.11333351e+01,
       1.05666672e+02, 6.70666733e+01, 7.73333359e+00, 8.66666734e-01,
       2.60000014e+00, 4., 3.93333364e+00, 3.29333344e+01,
       4.37333374e+01, 6.40000057e+00, 6.66666687e-01, 0., 0.,
       6.66666701e-02, 7.33333349e-01, 4.38666687e+01, 1.04000006e+01,
       4.00000036e-01, 1.46666670e+00, 4.00000036e-01, 1.40000010e+00,
       4.60000038e+00, 1.61333351e+01, 1.17933342e+02, 5.31333351e+01,
       9.86666679e+00, 2.60000014e+00, 3.00000024e+00, 6.73333359e+00,
       1.72666683e+01, 7.62666702e+01, 1.32800003e+02, 8.90666733e+01,
       3.52000008e+01, 1.87333336e+01, 2.54000015e+01, 2.60000019e+01,
       2.80666676e+01, 4.60666695e+01, 1.25866676e+02, 7.09333344e+01,
       2.60000014e+00, 1.40000010e+00, 1., 4.66666698e-01,
       8.00000072e-01, 2.76000023e+01, 4.08000031e+01, 1.02666674e+01,
       2.80000019e+00, 2.40000010e+00, 2.66666681e-01, 2.66666681e-01,
       5.33333361e-01, 1.66666679e+01, 1.14066673e+02, 7.88000031e+01,
       5.72666702e+01, 1.78000011e+01, 3.26666689e+00, 1.46666670e+00,
       3.46666694e+00, 3.68000031e+01, 1.06800003e+02, 8.47333374e+01,
       9.14000015e+01, 4.11333351e+01, 2.16000004e+01, 6.60000038e+00,
       3.86666679e+00, 1.61333351e+01, 1.16000008e+02, 5.62666702e+01,
       2.13333344e+00, 1.33333337e+00, 1.40000010e+00, 2.66666681e-01,
       6.66666701e-02, 1.76666679e+01, 9.06666756e+00, 4.86666679e+00,
       9.46666718e+00, 1.46666670e+00, 0., 2.00000018e-01,
       8.00000072e-01, 4.13333368e+00, 1.07333336e+01, 1.81333351e+01,
       3.20666695e+01, 1.30666676e+01, 2.66666681e-01, 8.00000072e-01,
       8.26666737e+00, 1.04666672e+01, 3.04000015e+01, 2.42000008e+01,
       2.83333340e+01, 1.51333342e+01, 8.66666734e-01, 5.33333361e-01,
       6.66666698e+00, 1.10000010e+01, 2.54000015e+01, 1.07333336e+01,
       2.06666684e+00, 1.80000007e+00, 6.66666701e-02, 0.,
       6.66666701e-02, 5.06666708e+00, 1.36521740e+01, 3.52173924e+00,
       6.52173936e-01, 1.34782612e+00, 1.04347825e+00, 4.78260875e-01,
       3.04347843e-01, 5.95652199e+00, 6.29130440e+01, 3.17391300e+00,
       2.21739125e+00, 1.12608700e+01, 4.82608700e+00, 1.30434787e+00,
       4.52173901e+00, 6.19565239e+01, 5.56956520e+01, 6.52173948e+00,
       2.73913050e+00, 6.47826099e+00, 5.34782600e+00, 7.,
       3.79565239e+01, 1.16956528e+02, 1.75217400e+01, 8.65217400e+00,
       9.08695698e+00, 9.82608700e+00, 12., 3.44347839e+01,
       5.16956520e+01, 6.10434799e+01, 2.69130440e+01, 5.73913050e+00,
       4.34782624e-01, 4.52173901e+00, 7.65217400e+00, 8.30434799e+00,
       2.82608700e+00, 7.43478298e+00, 1.12826088e+02, 1.73478260e+01,
       2., 10., 1.98260880e+01, 1.45652180e+01, 6.60869598e+00,
       7.81304398e+01, 1.00217392e+02, 2.39565220e+01, 1.14347830e+01,
       1.19130440e+01, 1.63913040e+01, 1.62173920e+01, 2.42173920e+01,
       9.12173920e+01, 4.80869560e+01, 1.95217400e+01, 1.84782619e+01,
       3.61739120e+01, 4.78260880e+01, 3.60869560e+01, 2.36956520e+01,
       47., 2.13913040e+01, 4.08695650e+00, 1.30434781e-01,
       6.17391300e+00, 1.52608700e+01, 17., 5.47826099e+00,
       2.65217400e+00, 1.05956520e+02, 8.86521759e+01, 1.29565220e+01,
       1.07826090e+01, 2.01739140e+01, 24., 4., 1.01739130e+01,
       7.84347839e+01, 1.04478264e+02, 59., 2.05652180e+01,
       1.61739140e+01, 8.56521797e+00, 5.69565248e+00, 1.78260880e+01,
       3.48260880e+01, 4.36521759e+01, 6.07826080e+01, 6.31304359e+01,
       2.21304359e+01, 1.05652180e+01, 1.26956520e+01, 2.17826099e+01,
       5.78260899e+00, 2.13043475e+00, 1.73913047e-01, 7.82608688e-01,
       5.43478251e+00, 1.01304350e+01, 1.73913050e+00, 1.65217400e+00,
       2.66086960e+01, 4.67391319e+01, 7.08695650e+00, 1.43478262e+00,
       6.34782600e+00, 1.43043480e+01, 1.49565220e+01, 3.65217400e+00,
       2.64347839e+01, 8.71304398e+01, 5.21304359e+01, 6.73913050e+00,
       5.60869598e+00, 6.86956549e+00, 2.56521740e+01, 1.37391310e+01,
       1.31739130e+01, 5.22173920e+01, 6.01739159e+01, 2.16521740e+01,
       2.86956525e+00, 4.43478251e+00, 2.65652180e+01, 1.36086960e+01,
       6.12903237e-01, 2.96774197e+00, 4.29032230e+00, 6.77419329e+00,
       2.32258058e+00, 2.25806445e-01, 0., 1.29032254e-01, 11.,
       1.41612902e+01, 6.03225803e+00, 5., 2.70967722e+00,
       3.45161271e+00, 9.51612854e+00, 1.05161285e+01, 2.41935468e+00,
       9.35483813e-01, 1.58064508e+00, 5.77419329e+00, 3.61290312e+00,
       6.16129017e+00, 1.37419348e+01, 7.87096739e+00, 3.22580636e-01,
       0., 1.29032254e-01, 9.67741907e-02, 3.22580636e-02,
       3.22580636e-02, 0., 5.16129017e-01, 4.07419357e+01,
       1.43870964e+01, 8.90322590e+00, 1.40645161e+01, 1.04516125e+01,
       1.37096767e+01, 3.06451607e+00, 8.22580624e+00, 1.56677414e+02,
       7.14516144e+01, 1.54838705e+01, 1.34838705e+01, 1.35806446e+01,
       3.06129017e+01, 6.55483856e+01, 1.20161285e+02, 5.42580643e+01,
       1.95483856e+01, 1.70645161e+01, 5.48064499e+01, 8.15483856e+01,
       9.85161285e+01, 9.56128998e+01, 7.76451569e+01, 1.42258062e+01,
       6.41935444e+00, 1.74193549e+00, 5.09677410e+00, 8.83870983e+00,
       4.32258034e+00, 2.29032254e+00, 7., 33., 4.67741919e+00,
       1.58064508e+00, 1.93548381e+00, 9.38709641e+00, 1.59032249e+01,
       1.37741928e+01, 1.78064518e+01, 1.56677414e+02, 1.15677414e+02,
       7.95806427e+01, 2.31290321e+01, 1.42580643e+01, 1.97096767e+01,
       2.83870964e+01, 7.68709641e+01, 4.84516106e+01, 7.46774139e+01,
       1.05548386e+02, 1.16580643e+02, 7.72903214e+01, 4.75161285e+01,
       2.65161285e+01, 2.25806446e+01, 1.05161285e+01, 9.45161247e+00,
       5.03225803e+00, 9.64516068e+00, 9.51612854e+00, 4.83870935e+00,
       3.48387098e+00, 3.32258058e+00, 4.51612890e-01, 2.25806445e-01,
       2.25806445e-01, 2.32258058e+00, 2.45161295e+00, 1.09677410e+00,
       1.64516127e+00, 2.06451607e+00, 5.09677410e+00, 9.80645180e+00,
       1.13870964e+01, 6., 3.93548369e+00, 6.16129017e+00,
       1.60645161e+01, 1.25161285e+01, 2.35483861e+00, 5.74193525e+00,
       1.62258053e+01, 7.09677410e+00, 2.22580647e+00, 7.77419329e+00,
       1.52580643e+01, 7.96774149e+00, 1.29032254e-01, 1.93548381e-01,
       1.29032254e-01, 1.93548381e-01, 9.67741907e-02, 8.70967746e-01,
       1.32258058e+00, 5.16129017e-01, 5.83720932e+01, 9.30232525e+00,
       6.58139515e+00, 2.03023262e+01, 9.65116310e+00, 1.81395352e+00,
       3.16279078e+00, 4.84651146e+01, 6.14651146e+01, 7.48837185e+00,
       1.66976738e+01, 3.62325592e+01, 1.62325573e+01, 7.58139515e+00,
       1.56976748e+01, 6.71627884e+01, 3.80697670e+01, 1.24883718e+01,
       2.31162796e+01, 2.87906971e+01, 2.41395340e+01, 1.81860466e+01,
       3.27906990e+01, 5.28372078e+01, 4.03488388e+01, 2.44883728e+01,
       1.67441864e+01, 7.04651165e+00, 1.07674417e+01, 1.76511631e+01,
       3.13720932e+01, 3.56511612e+01, 9.10930252e+01, 1.83023262e+01,
       5.37209320e+00, 1.85116272e+01, 1.14651165e+01, 4.27906990e+00,
       2.18604660e+00, 3.42558136e+01, 8.70930252e+01, 2.05348835e+01,
       2.35116272e+01, 4.45116272e+01, 3.59534874e+01, 9.23255825e+00,
       9.39534855e+00, 5.00930214e+01, 8.12790680e+01, 3.56976738e+01,
       1.92790699e+01, 1.95348835e+01, 3.94418602e+01, 2.29534874e+01,
       2.82325573e+01, 4.96744194e+01, 6.35348816e+01, 2.66511631e+01,
       1.09069767e+01, 7.97674417e+00, 1.61860466e+01, 2.61162796e+01,
       3.83953476e+01, 4.60232544e+01, 8.99767456e+01, 4.35348854e+01,
       4.09302330e+00, 4.65116262e+00, 1.32093019e+01, 6.04651165e+00,
       9.53488350e-01, 9.97674370e+00, 8.91627884e+01, 4.80930214e+01,
       1.03488369e+01, 15., 3.71627922e+01, 2.61395340e+01,
