%YAML:1.0
vocabulary: !!opencv-matrix
   rows: 10
   cols: 128
   dt: f
   data: [ 2.26149426e+01, 1.26752872e+01, 7.95402288e+00,
       8.74712658e+00, 2.35948277e+01, 2.26752872e+01, 1.79137936e+01,
       1.55316095e+01, 2.75919533e+01, 1.92931042e+01, 1.44482756e+01,
       2.03390808e+01, 5.03390808e+01, 3.22959785e+01, 1.61954021e+01,
       1.27988501e+01, 7.28189621e+01, 2.65459766e+01, 1.08879309e+01,
       9.66379261e+00, 1.66839085e+01, 8.76436806e+00, 1.22241383e+01,
       2.93850574e+01, 2.11781616e+01, 6.44540215e+00, 4.74425268e+00,
       5.98563194e+00, 2.07126427e+01, 1.31982756e+01, 1.73132191e+01,
       1.57097702e+01, 3.60086212e+01, 1.76206894e+01, 1.32931032e+01,
       1.86293106e+01, 3.64971275e+01, 2.12183914e+01, 1.74252872e+01,
       2.21637936e+01, 4.65517235e+01, 2.21839085e+01, 2.70344830e+01,
       6.14425278e+01, 1.06841957e+02, 4.27212639e+01, 1.30316095e+01,
       1.03534479e+01, 1.37465515e+02, 4.86609192e+01, 1.62270107e+01,
       1.61293106e+01, 2.24310341e+01, 7.55172396e+00, 7.52873564e+00,
       3.61436768e+01, 4.13706894e+01, 9.43965530e+00, 3.89367819e+00,
       9.89080429e+00, 3.21695404e+01, 1.45660915e+01, 1.36781607e+01,
       1.53419542e+01, 3.63505745e+01, 1.90890808e+01, 2.16063213e+01,
       3.07241383e+01, 3.54425278e+01, 1.34540234e+01, 9.41091919e+00,
       1.65287361e+01, 5.38620682e+01, 1.16839085e+01, 1.53390808e+01,
       5.63132172e+01, 1.08149422e+02, 4.58103447e+01, 1.72298851e+01,
       1.85632191e+01, 1.38241379e+02, 3.98563232e+01, 9.37356281e+00,
       9.92528725e+00, 2.19597702e+01, 1.24396553e+01, 8.78735638e+00,
       4.02212639e+01, 4.21724129e+01, 1.52931032e+01, 1.18735628e+01,
       1.70258617e+01, 3.50718384e+01, 1.00201149e+01, 3.62931037e+00,
       8.25000000e+00, 2.39166660e+01, 1.28735628e+01, 2.10057468e+01,
       2.47413788e+01, 2.27902298e+01, 9.47701168e+00, 8.55459785e+00,
       1.10718393e+01, 3.48793106e+01, 1.23534479e+01, 1.52500000e+01,
       3.53850555e+01, 5.90229874e+01, 2.15804596e+01, 1.38706894e+01,
       1.61379318e+01, 8.43132172e+01, 3.54454041e+01, 1.35258617e+01,
       1.09454021e+01, 1.67873554e+01, 8.49137974e+00, 9.01436806e+00,
       2.33850574e+01, 2.38103447e+01, 1.75804596e+01, 1.73304596e+01,
       1.44339085e+01, 2.15977001e+01, 6.74712658e+00, 3.87643671e+00,
       5.55459785e+00, 2.12640018e+01, 1.03120003e+01, 7.51200056e+00,
       1.03680000e+01, 9.91200066e+00, 6.35200024e+00, 9.55200005e+00,
       1.86320000e+01, 4.34400024e+01, 1.33840008e+01, 9.23200035e+00,
       9.73600006e+00, 9.18400002e+00, 1.42560005e+01, 3.35200005e+01,
       5.33120041e+01, 2.35600014e+01, 1.07200003e+01, 7.69600058e+00,
       7.16800022e+00, 1.11600008e+01, 4.32480011e+01, 7.33840027e+01,
       4.48240013e+01, 8.76000023e+00, 1.08560009e+01, 6.24800014e+00,
       8.67200089e+00, 2.57920017e+01, 5.56400032e+01, 4.69520035e+01,
       1.53760004e+01, 4.05600014e+01, 1.60640011e+01, 1.24400005e+01,
       2.12640018e+01, 1.78800011e+01, 1.04640007e+01, 7.50400019e+00,
       1.78000011e+01, 1.12896004e+02, 3.55920029e+01, 1.42720003e+01,
       1.12960005e+01, 1.02160006e+01, 1.21280003e+01, 2.61840019e+01,
       7.20559998e+01, 5.84240036e+01, 2.01200008e+01, 7.75200033e+00,
       1.44400005e+01, 3.23840027e+01, 6.23760033e+01, 6.17440033e+01,
       5.14240036e+01, 1.34960003e+01, 7.36000013e+00, 7.14400053e+00,
       2.51200008e+01, 6.75040054e+01, 6.09280014e+01, 3.36080017e+01,
       1.40160007e+01, 3.80320015e+01, 1.94560013e+01, 6.71200037e+00,
       1.12080002e+01, 2.04880009e+01, 2.24800014e+01, 1.38240004e+01,
       1.55520010e+01, 1.14672005e+02, 7.00080032e+01, 1.90640011e+01,
       7.34400034e+00, 9.37600040e+00, 1.21040010e+01, 1.41040010e+01,
       3.65520020e+01, 6.43920059e+01, 5.05840034e+01, 4.60480003e+01,
       4.04480019e+01, 3.39360008e+01, 3.07120018e+01, 1.55440006e+01,
       2.03200016e+01, 1.26960011e+01, 1.06560001e+01, 2.73600006e+01,
       5.70400009e+01, 7.30720062e+01, 3.89600029e+01, 1.72960014e+01,
       7.85600042e+00, 1.94160004e+01, 2.14320011e+01, 6.15200043e+00,
       3.52000022e+00, 1.08080006e+01, 1.52880011e+01, 1.22400007e+01,
       1.13920002e+01, 4.64560013e+01, 5.16000023e+01, 2.49840012e+01,
       6.59200048e+00, 6.56000042e+00, 1.23920002e+01, 1.55200005e+01,
       1.83760014e+01, 2.56880016e+01, 4.98960037e+01, 6.47520065e+01,
       3.75920029e+01, 1.17920008e+01, 9.20000076e+00, 1.18000002e+01,
       1.09040003e+01, 5.36000013e+00, 1.40640011e+01, 4.67920036e+01,
       6.35520020e+01, 3.41760025e+01, 1.21440010e+01, 1.09360008e+01,
       8.62400055e+00, 4.04965286e+01, 2.50902786e+01, 7.72916651e+00,
       7.97916651e+00, 1.92604160e+01, 3.81250000e+00, 3.09722233e+00,
       9.17708302e+00, 1.02888893e+02, 4.46215286e+01, 8.52083302e+00,
       7.09375000e+00, 1.82361107e+01, 9.99652767e+00, 9.18750000e+00,
       2.93854160e+01, 3.92048607e+01, 1.49166670e+01, 1.11979170e+01,
       2.63159733e+01, 5.54340286e+01, 2.56006947e+01, 1.38402777e+01,
       1.56909723e+01, 2.68020840e+01, 1.57916670e+01, 9.44791698e+00,
       1.83680553e+01, 2.90034733e+01, 1.11527777e+01, 7.51736116e+00,
       9.76041698e+00, 5.70381966e+01, 2.12500000e+01, 7.44097233e+00,
       1.17847223e+01, 2.60520840e+01, 6.22916651e+00, 3.91319442e+00,
       1.03680553e+01, 1.43583328e+02, 4.35833321e+01, 5.87847233e+00,
       7.90277767e+00, 2.28784733e+01, 1.04097223e+01, 6.30555582e+00,
       4.04513893e+01, 6.06423607e+01, 1.18611116e+01, 9.37847233e+00,
       4.25763893e+01, 1.05857643e+02, 4.39027786e+01, 8.76041698e+00,
       1.74687500e+01, 4.09791679e+01, 2.17847233e+01, 1.38159723e+01,
       2.07777786e+01, 3.65486107e+01, 1.11875000e+01, 5.89583349e+00,
       1.44548616e+01, 5.64687500e+01, 1.03506947e+01, 2.09027791e+00,
       8.60763931e+00, 2.86666660e+01, 9.29861164e+00, 8.54513931e+00,
       2.08645840e+01, 1.43642365e+02, 4.54201393e+01, 7.36111116e+00,
       1.20416670e+01, 2.13506947e+01, 4.96875000e+00, 4.20138884e+00,
       3.84618073e+01, 5.75312500e+01, 1.89131947e+01, 1.28368053e+01,
       4.77291679e+01, 9.80868073e+01, 3.74722214e+01, 1.13402777e+01,
       1.21145830e+01, 4.02465286e+01, 1.64791660e+01, 9.73958302e+00,
       1.38715277e+01, 3.72847214e+01, 2.02326393e+01, 1.34270830e+01,
       1.66076393e+01, 3.73298607e+01, 1.03437500e+01, 2.88194442e+00,
       7.36805582e+00, 2.23263893e+01, 8.78819466e+00, 8.81944466e+00,
       2.44687500e+01, 1.04152779e+02, 3.25347214e+01, 9.60763931e+00,
       1.02118053e+01, 1.57569447e+01, 4.98263884e+00, 7.02777767e+00,
       3.97569466e+01, 3.93854179e+01, 1.82534733e+01, 1.50416670e+01,
       2.42222233e+01, 4.82673607e+01, 2.30868053e+01, 1.49756947e+01,
       1.54166670e+01, 2.29340286e+01, 9.56944466e+00, 1.38194447e+01,
       1.35659723e+01, 2.89340286e+01, 1.80659733e+01, 1.20937500e+01,
       1.08437500e+01, 1.41024923e+01, 1.13157892e+01, 1.40055399e+01,
       1.21855955e+01, 1.23545704e+01, 1.13240995e+01, 1.41468143e+01,
       1.31523542e+01, 2.46066475e+01, 1.85955677e+01, 2.26842098e+01,
       2.25706367e+01, 2.49861488e+01, 1.89861488e+01, 2.09639893e+01,
       2.14210529e+01, 4.95152359e+01, 2.13656502e+01, 1.87673130e+01,
       1.46592798e+01, 1.39501381e+01, 1.62271461e+01, 3.56398888e+01,
       5.10332413e+01, 2.21606636e+01, 1.24792242e+01, 1.39002762e+01,
       9.44598293e+00, 1.35844870e+01, 2.23019390e+01, 4.45955658e+01,
       3.62216072e+01, 1.66620502e+01, 1.50332403e+01, 2.11772842e+01,
       1.58919659e+01, 1.91994457e+01, 2.51939049e+01, 2.31163425e+01,
       1.62326870e+01, 4.53379478e+01, 3.53795013e+01, 4.63628807e+01,
       4.87977829e+01, 5.19196663e+01, 4.05041542e+01, 2.30443211e+01,
       1.50997229e+01, 1.29227142e+02, 5.56204987e+01, 2.59584484e+01,
       1.62603874e+01, 1.11191130e+01, 1.22049856e+01, 2.96426582e+01,
       7.25318527e+01, 3.81135712e+01, 1.30193901e+01, 1.25900278e+01,
