%YAML:1.0
vocabulary: !!opencv-matrix
   rows: 10
   cols: 128
   dt: f
   data: [ 7.67799091e+00, 1.55775480e+01, 1.55084934e+01,
       9.70901012e+00, 1.27861891e+01, 1.45672083e+01, 8.41469669e+00,
       4.73744440e+00, 1.02885155e+02, 6.60949020e+01, 1.09435005e+01,
       4.69977856e+00, 8.17688274e+00, 8.06646919e+00, 4.11853743e+00,
       1.00151405e+01, 1.28325699e+02, 6.02400284e+01, 1.87703097e+00,
       5.52806497e-01, 1.49630725e+00, 1.51735592e+00, 1.64217126e+00,
       1.51107826e+01, 1.72647705e+01, 5.98485947e+00, 1.82570159e+00,
       1.46898079e+00, 4.56610012e+00, 3.24113727e+00, 2.04062033e+00,
       3.86927605e+00, 9.29726696e+00, 9.17134380e+00, 9.02548027e+00,
       1.14464550e+01, 1.81310921e+01, 1.90387745e+01, 1.35679464e+01,
       8.62112236e+00, 1.39882935e+02, 4.98031731e+01, 7.98301315e+00,
       1.05827179e+01, 2.10701618e+01, 1.60904732e+01, 6.78101921e+00,
       1.21033974e+01, 1.73221558e+02, 7.42732620e+01, 1.48301327e+00,
       8.50073814e-01, 1.63220084e+00, 1.14106345e+00, 9.53840435e-01,
       2.33567200e+01, 4.52891426e+01, 7.80022144e+00, 1.56166911e+00,
       2.42688322e+00, 6.10819769e+00, 3.57976365e+00, 1.53655827e+00,
       5.31794691e+00, 1.00125551e+01, 8.72304249e+00, 1.10059080e+01,
       1.60657310e+01, 1.93641052e+01, 1.38681679e+01, 1.06421709e+01,
       1.03836775e+01, 1.34983749e+02, 1.09202366e+01, 5.34490395e+00,
       1.29638109e+01, 2.14084187e+01, 1.36222305e+01, 1.15539141e+01,
       5.50044289e+01, 1.72870010e+02, 2.32688332e+01, 1.19719350e+00,
       1.13847852e+00, 1.69497776e+00, 9.85598207e-01, 2.01883316e+00,
       7.67230377e+01, 4.32304268e+01, 5.65768099e+00, 2.05982280e+00,
       3.73485970e+00, 6.21048737e+00, 2.50258493e+00, 9.26514030e-01,
       7.06942368e+00, 8.33714867e+00, 5.44571638e+00, 8.15583420e+00,
       1.34627028e+01, 1.31333084e+01, 1.01000738e+01, 1.60760708e+01,
       1.69135895e+01, 9.41617432e+01, 1.04940910e+01, 4.42577553e+00,
       7.47968960e+00, 8.16654301e+00, 4.97230434e+00, 1.21746674e+01,
       6.53205338e+01, 1.17977470e+02, 1.47278433e+01, 1.92134416e+00,
       1.68020678e+00, 1.62112260e+00, 6.38109267e-01, 1.97710478e+00,
       5.86056137e+01, 1.50398817e+01, 3.41248155e+00, 2.28914332e+00,
       3.68094516e+00, 4.68168402e+00, 1.44682419e+00, 1.02215660e+00,
       4.70864105e+00, 3.55269737e+01, 2.08390160e+01, 1.03556318e+01,
       9.90677643e+00, 1.59611568e+01, 5.21234369e+00, 3.50971079e+00,
       1.08493738e+01, 1.10976692e+02, 3.85196381e+01, 8.84074211e+00,
       6.51057386e+00, 1.21406994e+01, 7.87570143e+00, 9.37764359e+00,
       4.26430740e+01, 4.49892120e+01, 1.44147606e+01, 1.07332754e+01,
       3.07699604e+01, 6.70992661e+01, 2.79197235e+01, 1.50094948e+01,
       2.37298222e+01, 1.70517902e+01, 9.96158791e+00, 1.23720331e+01,
       2.76413460e+01, 3.91070366e+01, 1.58178682e+01, 7.83470011e+00,
       8.18817425e+00, 5.08092346e+01, 1.75192051e+01, 9.86663818e+00,
       1.20953817e+01, 2.01186886e+01, 8.38972855e+00, 4.37893820e+00,
       1.04937420e+01, 1.42500641e+02, 4.42222710e+01, 9.40397072e+00,
       9.77125549e+00, 1.74164867e+01, 8.38368607e+00, 6.47000408e+00,
       4.95925751e+01, 5.73966331e+01, 1.62619762e+01, 2.27656460e+01,
       6.90889053e+01, 1.04461807e+02, 3.58411751e+01, 1.02326288e+01,
       1.84851093e+01, 2.23841171e+01, 1.53461370e+01, 2.31834259e+01,
       3.89935265e+01, 4.46970215e+01, 1.23400946e+01, 5.77772999e+00,
       1.05252485e+01, 4.04773407e+01, 1.23521795e+01, 5.45144606e+00,
       8.71989632e+00, 1.70448856e+01, 1.17462234e+01, 9.92792416e+00,
       1.40250320e+01, 1.33367279e+02, 8.08795853e+01, 4.06819153e+01,
       2.26650848e+01, 1.39753990e+01, 5.09236097e+00, 5.35131645e+00,
       2.39956837e+01, 3.11981010e+01, 3.10824337e+01, 5.56499786e+01,
       9.47764359e+01, 8.73582230e+01, 1.63258514e+01, 6.08675003e+00,
       7.71860170e+00, 2.35105743e+01, 1.46629257e+01, 1.91691837e+01,
       2.84212341e+01, 2.85343113e+01, 1.01312046e+01, 1.00586967e+01,
       1.54415188e+01, 1.72619762e+01, 8.64436817e+00, 5.93828249e+00,
       5.54466963e+00, 1.07690983e+01, 1.10923605e+01, 1.07039270e+01,
       1.29577036e+01, 4.60880432e+01, 2.84902897e+01, 1.86633587e+01,
       1.13103151e+01, 1.10448856e+01, 8.88303852e+00, 1.09240398e+01,
       2.03081570e+01, 1.75895557e+01, 1.63815269e+01, 2.21773853e+01,
       2.59192924e+01, 3.23759155e+01, 1.50427275e+01, 1.33586531e+01,
       1.35334482e+01, 1.52434177e+01, 8.69572735e+00, 1.06996117e+01,
       1.26223564e+01, 1.32093220e+01, 8.99913692e+00, 1.16853685e+01,
       1.47203283e+01, 1.76729050e+01, 7.95565510e+00, 6.82750177e+00,
       7.94548416e+00, 5.60903168e+00, 2.80431247e+00, 3.86208296e+00,
       1.34780312e+01, 5.96594772e+01, 1.53291292e+01, 7.79170036e+00,
       6.46135044e+00, 4.65459728e+00, 4.25996733e+00, 1.39178190e+01,
       5.53726616e+01, 5.10895042e+01, 1.20410900e+01, 7.08584213e+00,
       5.63628960e+00, 4.97314882e+00, 1.13238401e+01, 4.38722534e+01,
       7.87257919e+01, 1.64829121e+01, 7.63669634e+00, 6.57445049e+00,
       6.10414982e+00, 1.03165178e+01, 2.66834831e+01, 5.22546768e+01,
       4.34288025e+01, 3.81606979e+01, 1.09727421e+01, 6.83563852e+00,
       8.37388134e+00, 8.34540272e+00, 5.19690800e+00, 4.44182253e+00,
       1.44625711e+01, 1.24390152e+02, 2.93832378e+01, 8.54109001e+00,
       6.80268526e+00, 6.34458923e+00, 5.33889341e+00, 1.44650116e+01,
       7.75882797e+01, 9.49186325e+01, 2.44926758e+01, 1.28091946e+01,
       1.01517496e+01, 1.14654188e+01, 1.83161106e+01, 4.29161911e+01,
       8.41444244e+01, 2.84983730e+01, 1.54316511e+01, 1.47278271e+01,
       1.56277456e+01, 2.22978020e+01, 2.83799839e+01, 3.90008125e+01,
       3.78486557e+01, 3.69593163e+01, 1.46916189e+01, 4.49349070e+00,
       4.98535395e+00, 9.09723377e+00, 8.84702969e+00, 7.30878735e+00,
       1.06875505e+01, 1.23508545e+02, 8.03319778e+01, 1.77925148e+01,
       6.03376722e+00, 6.47070789e+00, 6.37428808e+00, 8.08909702e+00,
       2.68803902e+01, 9.32644424e+01, 8.59967422e+01, 4.84174118e+01,
       1.98506908e+01, 1.04271765e+01, 9.15622425e+00, 1.13551664e+01,
       2.37782745e+01, 2.83474369e+01, 3.65484123e+01, 4.30056953e+01,
       3.24100876e+01, 2.15577698e+01, 1.39235153e+01, 1.32192841e+01,
       1.59707079e+01, 1.59796581e+01, 1.31712770e+01, 4.32668829e+00,
       2.91985345e+00, 6.77990246e+00, 8.52034187e+00, 7.33563852e+00,
       7.36086226e+00, 5.40659065e+01, 5.36737175e+01, 1.55085430e+01,
       4.49633837e+00, 4.54475164e+00, 6.92880392e+00, 8.31651783e+00,
       1.36521559e+01, 4.85679398e+01, 7.84682693e+01, 4.67461357e+01,
       1.25683479e+01, 4.44344997e+00, 4.90439367e+00, 6.52441025e+00,
       1.07420664e+01, 1.59853535e+01, 4.18665581e+01, 5.57091141e+01,
       2.82428799e+01, 9.73270988e+00, 5.70992661e+00, 5.92188787e+00,
       7.28315687e+00, 3.47473412e+01, 1.82070026e+01, 7.29565573e+00,
       7.72384739e+00, 1.58337765e+01, 5.35195017e+00, 2.04432607e+00,
       5.69902468e+00, 1.43007538e+02, 4.17597504e+01, 4.69459200e+00,
       2.95921969e+00, 3.78767729e+00, 1.36879432e+00, 1.64849281e+00,
       3.29317360e+01, 9.47752609e+01, 1.45815601e+01, 3.07446790e+00,
       3.69902468e+00, 6.11125851e+00, 4.59042549e+00, 5.68794298e+00,
       3.21529236e+01, 1.09720745e+01, 4.14849281e+00, 3.34796095e+00,
       4.43484020e+00, 8.58156013e+00, 8.01773071e+00, 6.61746454e+00,
       7.72606373e+00, 4.81001740e+01, 1.31795206e+01, 6.48581553e+00,
       1.01578007e+01, 2.13222504e+01, 7.92331553e+00, 2.57358146e+00,
       8.15248203e+00, 1.70281464e+02, 3.54623222e+01, 3.39361691e+00,
       2.68971634e+00, 4.68306732e+00, 1.97074461e+00, 2.36347508e+00,
       4.49804955e+01, 1.38030579e+02, 1.62260628e+01, 4.55230474e+00,
       6.24423742e+00, 1.02606382e+01, 7.35505295e+00, 8.01728725e+00,
       3.48461876e+01, 1.86498222e+01, 7.02260637e+00, 5.38076210e+00,
