%YAML:1.0
vocabulary: !!opencv-matrix
   rows: 10
   cols: 64
   dt: f
   data: [ -1.12075836e-03, -1.73228944e-03, 6.21423637e-03,
       6.26881700e-03, -3.79039906e-04, -1.27757071e-02, 4.26047370e-02,
       4.72411215e-02, 1.23624718e-02, -8.47505592e-03, 4.53286394e-02,
       4.62175980e-02, 1.93428446e-03, -3.34153447e-04, 6.71170652e-03,
       5.99176344e-03, -8.86742678e-03, -3.02213849e-03, 4.63018306e-02,
       4.22291085e-02, -2.09911503e-02, -5.98202348e-02, 2.93669790e-01,
       2.78058052e-01, 1.65940568e-01, -1.93337742e-02, 3.46907228e-01,
       2.62457252e-01, 1.17576346e-02, 2.63167219e-03, 5.25243394e-02,
       4.09383774e-02, -9.35465656e-03, 4.21095081e-03, 4.60232571e-02,
       4.19627354e-02, -1.83380488e-02, 6.52576610e-02, 2.90347636e-01,
       2.85771638e-01, 1.57694548e-01, 1.99157316e-02, 3.51703942e-01,
       2.69687951e-01, 1.25877867e-02, -3.45138228e-03, 5.15241846e-02,
       4.07967679e-02, -1.09237188e-03, 1.40732655e-03, 6.33554487e-03,
       6.26087841e-03, 2.12297658e-04, 1.08322343e-02, 4.18845043e-02,
       4.59759980e-02, 1.12199988e-02, 8.22992716e-03, 4.57136296e-02,
       4.51974347e-02, 1.99131621e-03, 4.68480430e-04, 6.59478735e-03,
       5.96728735e-03, 1.34666450e-04, 5.60347653e-05, 5.25136571e-03,
       3.85141443e-03, 1.02494927e-02, -1.04453007e-03, 7.31771439e-02,
       2.74284519e-02, 1.21590532e-02, 2.26513809e-03, 2.94558685e-02,
       2.16003805e-02, -1.95099186e-04, 2.51522833e-05, 3.54740326e-03,
       3.08588706e-03, 1.21777807e-03, 2.56633852e-04, 3.71607989e-02,
       2.13665552e-02, 8.54383633e-02, 2.52240978e-04, 5.95184088e-01,
       1.35106251e-01, 7.95874521e-02, 2.32923403e-03, 1.58645093e-01,
       6.90996498e-02, -2.43786955e-03, 1.15570927e-03, 2.50377934e-02,
       1.51075134e-02, 1.86554587e-03, 3.89606692e-04, 3.80821116e-02,
       2.26143561e-02, 7.98846185e-02, 4.83952742e-03, 5.91120303e-01,
       1.40302956e-01, 7.98450932e-02, -3.29041341e-03, 1.52977109e-01,
       6.67680055e-02, -1.78493175e-03, -1.05783006e-03, 2.50297580e-02,
       1.40358806e-02, -2.64111131e-05, 1.04625848e-04, 5.21248905e-03,
       4.37216554e-03, 9.03434027e-03, -2.19636859e-04, 7.12395385e-02,
       2.83995252e-02, 1.13712018e-02, -3.98222543e-03, 2.88996398e-02,
       2.18820013e-02, -1.34361515e-04, -3.92381247e-04, 3.46462824e-03,
       3.02206725e-03, -1.53142575e-03, -1.98858720e-03, 5.19157154e-03,
       5.18827839e-03, 1.54368393e-03, -1.27797220e-02, 3.14640999e-02,
       3.68258692e-02, 1.81752499e-02, -4.87174978e-03, 4.50824164e-02,
       4.23577614e-02, 1.72400172e-03, 7.19449308e-04, 6.63909223e-03,
       6.53509237e-03, -1.06674936e-02, -4.79004160e-03, 3.35251279e-02,
       2.68836077e-02, 3.25244032e-02, -3.56356464e-02, 1.64557144e-01,
       1.66684091e-01, 2.35322028e-01, 9.59161390e-03, 4.27174747e-01,
       2.90036768e-01, 3.74600268e-03, 1.01716788e-02, 5.53666614e-02,
       4.81066555e-02, -1.14492392e-02, 2.87320442e-03, 3.35539803e-02,
       2.58779898e-02, 3.44605036e-02, 2.33853757e-02, 1.60143614e-01,
       1.47523805e-01, 2.58158624e-01, -7.50732422e-03, 4.40624148e-01,
       2.77003020e-01, 2.82615540e-03, -5.81060909e-03, 5.79709671e-02,
       4.69345599e-02, -1.76210678e-03, 1.89557567e-03, 5.22882259e-03,
       5.16099809e-03, 2.80678784e-03, 1.16346199e-02, 3.05006839e-02,
       3.52676362e-02, 2.17768326e-02, 4.55678627e-03, 4.84443530e-02,
       4.21601497e-02, 1.76913594e-03, -8.43745773e-04, 7.01375771e-03,
       6.59832498e-03, -3.92447866e-04, -9.67449741e-04, 4.12660604e-03,
       3.02144210e-03, 2.91269440e-02, -5.60045650e-04, 4.61166799e-02,
       2.43611243e-02, -1.06857400e-02, 4.69147088e-03, 3.95306572e-02,
       2.64804419e-02, -6.09243289e-04, -4.60698357e-04, 5.20037813e-03,
       3.59181711e-03, -3.97962704e-03, -4.14482376e-04, 3.10581010e-02,
       1.40253343e-02, 2.99407750e-01, 3.73466946e-02, 3.89660925e-01,
       1.10717118e-01, -1.58862993e-01, 2.71876324e-02, 3.13650787e-01,
       1.40434846e-01, -1.26639241e-03, -1.52473571e-03, 4.04585414e-02,
       2.12379638e-02, -3.87135195e-03, 3.59390466e-03, 3.13334838e-02,
       1.58082210e-02, 2.82595426e-01, -3.51387449e-02, 3.81650537e-01,
       1.22551255e-01, -1.63295835e-01, -4.70186099e-02, 3.42544109e-01,
       1.62970960e-01, 2.14138511e-03, 2.03377288e-03, 4.00506891e-02,
       2.25334261e-02, -1.91495856e-04, 7.33380148e-04, 4.27319529e-03,
       3.05445096e-03, 2.39084829e-02, -1.79938017e-03, 4.36055586e-02,
       2.60256454e-02, -9.64882970e-03, -4.83910646e-03, 4.25512120e-02,
       3.04794721e-02, -2.82107267e-05, 3.33969452e-04, 5.22256736e-03,
       3.75677738e-03, -6.69946545e-04, -1.00499392e-03, 5.48627554e-03,
       3.93918576e-03, 4.78267446e-02, 1.03483815e-03, 6.53217062e-02,
       2.55812332e-02, 1.47117558e-03, 4.58336342e-03, 1.82466265e-02,
       1.80031098e-02, -1.45023700e-03, 5.96548140e-04, 3.89709393e-03,
       2.76488438e-03, -1.13713704e-02, -3.32401856e-03, 4.00742143e-02,
       2.22407170e-02, 3.93069923e-01, 6.07809564e-03, 5.01582742e-01,
       1.20400056e-01, 7.69964373e-03, 1.44583276e-02, 9.07346681e-02,
       6.50213733e-02, -1.12733161e-02, 6.73175557e-04, 2.74855122e-02,
       1.29409954e-02, -1.22291427e-02, 3.30012315e-03, 3.98396663e-02,
       2.18844265e-02, 3.95448446e-01, -7.62984576e-03, 4.99693304e-01,
       1.17525712e-01, 7.86664151e-03, -1.31693054e-02, 8.90740380e-02,
       6.25877008e-02, -1.16671454e-02, -9.73180926e-04, 2.86483988e-02,
       1.36110913e-02, -8.38978332e-04, 1.20039959e-03, 5.53988479e-03,
       3.95163428e-03, 4.79408614e-02, -2.25470358e-04, 6.51232302e-02,
       2.47087441e-02, 2.08350108e-03, -3.17714154e-03, 1.82218403e-02,
       1.73856709e-02, -1.46820035e-03, -3.27694375e-04, 4.20937873e-03,
       2.84446753e-03, -2.20939075e-03, -3.18349281e-04, 5.84357278e-03,
       4.26755287e-03, -9.84210428e-03, -8.42779689e-03, 4.08261344e-02,
       2.95961536e-02, 3.01749166e-02, -3.91194131e-03, 5.00166230e-02,
       2.73594279e-02, 1.54057343e-03, 4.24291356e-04, 5.08968020e-03,
       3.43517144e-03, -1.53263286e-02, 3.17290053e-03, 4.58603352e-02,
       2.49674264e-02, -1.22047365e-01, -2.37901006e-02, 3.14784199e-01,
       1.52619123e-01, 2.89626509e-01, -1.64393336e-02, 4.00279194e-01,
       1.18919089e-01, 8.70920252e-03, 3.21331178e-03, 3.88002507e-02,
       1.86056178e-02, -1.53661994e-02, -1.65246511e-05, 4.42679338e-02,
       2.50121802e-02, -1.31913111e-01, 3.26452479e-02, 3.24753016e-01,
       1.52297288e-01, 2.92167693e-01, 2.03599893e-02, 4.07424152e-01,
       1.18948311e-01, 8.05213954e-03, -1.97729259e-03, 3.94796692e-02,
       1.87685862e-02, -1.95613340e-03, 1.40900258e-04, 5.77871688e-03,
       4.60192142e-03, -1.21818203e-02, 9.36462916e-03, 4.32040840e-02,
       3.18470672e-02, 3.11480407e-02, 4.46360605e-03, 5.11831604e-02,
       2.88718138e-02, 1.56886037e-03, -4.67056205e-04, 5.20483777e-03,
       3.56014376e-03, -1.54702051e-03, -7.60390889e-04, 3.53596290e-03,
       2.56495201e-03, -2.49976601e-05, -4.24276013e-03, 1.82151422e-02,
       1.50747104e-02, 5.18911928e-02, -2.27592187e-03, 6.74834102e-02,
       2.03121156e-02, 8.33009326e-05, 9.57976445e-04, 4.61453246e-03,
       2.86719762e-03, -1.15840295e-02, -7.72610772e-04, 2.47542430e-02,
       1.30869979e-02, 2.67478288e-03, -1.08004259e-02, 9.36691165e-02,
       6.11434169e-02, 4.06883836e-01, -7.13056466e-03, 5.13969481e-01,
       9.44055840e-02, -5.21395449e-03, 2.33792979e-03, 3.44373547e-02,
       1.47801172e-02, -1.12979952e-02, 1.14280474e-03, 2.49050725e-02,
       1.25998827e-02, 6.76540833e-04, 1.28243044e-02, 9.58010331e-02,
       6.07114881e-02, 4.03614610e-01, 7.91653898e-03, 5.07640421e-01,
       9.34701040e-02, -5.59562631e-03, -3.91349848e-03, 3.50119732e-02,
       1.53585710e-02, -1.51588314e-03, 5.18802030e-04, 3.58844525e-03,
       2.41073919e-03, 9.23287531e-04, 3.98577889e-03, 1.91035140e-02,
